{"columns":["Overall rank","Score","GDP per capita","Social support","Healthy life expectancy","Freedom to make life choices","Generosity","Perceptions of corruption"],"index":["Overall rank","Score","GDP per capita","Social support","Healthy life expectancy","Freedom to make life choices","Generosity","Perceptions of corruption"],"data":[[1.0,-0.9890962183,-0.8019465356,-0.7674653088,-0.7874106574,-0.5466063956,-0.0479926109,-0.3519585134],[-0.9890962183,1.0,0.7938828679,0.7770577881,0.7798831492,0.5667418257,0.0758236949,0.3856130709],[-0.8019465356,0.7938828679,1.0,0.7549057272,0.835462115,0.3790790722,-0.0796623135,0.2989198457],[-0.7674653088,0.7770577881,0.7549057272,1.0,0.719009459,0.4473331636,-0.0481264545,0.1818994647],[-0.7874106574,0.7798831492,0.835462115,0.719009459,1.0,0.3903947765,-0.0295108597,0.2952828124],[-0.5466063956,0.5667418257,0.3790790722,0.4473331636,0.3903947765,1.0,0.2697418141,0.4388433064],[-0.0479926109,0.0758236949,-0.0796623135,-0.0481264545,-0.0295108597,0.2697418141,1.0,0.3265375434],[-0.3519585134,0.3856130709,0.2989198457,0.1818994647,0.2952828124,0.4388433064,0.3265375434,1.0]]}